13
1
2
304
131
3
6
9
11
4
10
7
8
16
14
20
23
15
25
17
21
22
28
41
123
141
24
130
140
26
142
31
162
33
121
167
122
139
132
146
134
171
135
151
136
147
137
293
198
138
273
310
190
148
201
297
200
150
152
170
161
155
172
274
275
280
181
185
191
192
193
194
195
197
294
314
320
295
296
335
298
299
300
306
302
303
342
343
344
345
339
301
315
333
305
308
347
309
307
329
311
330
312
332
340
334
313
316
317
361
321
325
356
350
322
318
323
319
353
355
331
351
354
326
359
362
336
357
374
337
338
341
376
391
346
352
358
360
373
402
364
349
363
367
369
365
370
366
378
403
371
372
375
389
368
377
396
386
379
385
404
380
384
381
457
419
387
460
388
399
393
473
394
445
446
397
395
401
390
398
438
392
413
416
420
405
406
407
410
417
414
448
408
421
409
415
412
418
441
423
437
442
424
427
428
443
422
431
432
433
434
440
435
436
439
450
451
483
453
461
459
487
463
454
455
456
462
458
474
464
465
480
466
470
467
471
472
489
546
554
555
481
512
482
515
516
521
484
522
485
488
496
495
497
490
491
492
531
494
501
502
498
507
500
503
504
580
557
505
506
508
600
511
549
533
548
604
550
559
560
551
553
569
556
552
561
565
576
581
570
571
572
588
709
573
650
660
575
707
577
578
601
587
614
590
595
579
708
582
718
607
608
704
609
705
610
602
702
620
630
631
701
621
651
710
661
691
692
693
699
700
703
733
711
706
712
714
743
716
744
784
791
715
801
721
717
720
725
723
760
761
782
722
812
728
821
731
732
854
856
734
738
739
827
852
857
911
740
806
808
741
802
742
746
785
809
820
790
750
807
795
853
781
825
803
804
830
846
805
811
845
991
810
813
822
816
817
823
844
828
1002
1004
1005
1006
1007
1115
840
826
849
843
1000
851
848
1117
901
1008
1010
1099
855
902
1107
1131
903
909
904
1154
1157
910
1001
1050
1100
1102
1103
1126
1101
1104
1108
1128
1106
1109
1105
1110
1159
1113
1160
1111
1114
1112
1116
1134
1120
1118
1121
1119
1130
1138
1125
1122
1123
1124
1193
1199
1127
1133
1135
1129
1132
1165
1183
1136
1147
1191
1137
1151
1144
1172
1153
1152
1146
1142
1156
1139
1148
1141
1149
1145
1164
1166
1161
1162
1190
1167
1185
1168
1173
1178
1169
1170
1174
1171
1175
1208
1176
1206
1180
1181
1195
1196
1179
1209
1184
1197
1186
1203
1187
1192
1241
1194
1237
1198
1205
1223
1227
1235
1211
1229
1212
1210
1213
1232
1221
1214
1218
1216
1220
1222
1217
1219
1233
1224
1242
1265
1225
1240
1226
1228
1230
1251
1231
1272
1262
1236
1234
1254
1238
1239
1246
1247
1244
1245
1253
1243
1249
1252
1248
1258
1281
1295
1298
1255
1259
1257
1293
1256
1300
1263
1266
1267
1268
1273
1274
1296
1264
1269
1260
1261
1270
1271
1331
1276
1291
1290
1282
1294
1280
1285
1284
1286
1308
1283
1288
1289
1305
1316
1317
1318
1319
1297
1310
1320
1321
1299
1309
1313
1322
1324
1325
1340
1311
1315
1327
1303
1312
1314
1330
1333
1338
1344
1345
1346
1347
1335
1343
1328
1329
1336
1349
1350
1339
1348
1351
1352
1353
1354
1357
1355
1356
1367
1369
1365
1358
1359
1360
1361
1366
1362
1364
1363
1368
1370
1373
1372
1374
1375
1398
1378
1383
1390
1396
1391
1397
1392
1385
1384
1386
1387
1388
1399
1379
1380
1393
1394
1381
1382
1401
1403
1427
1395
1404
1402
1405
1415
1407
1408
1410
1411
1406
1409
1413
1414
1426
1416
1424
1434
1435
1450
1456
1458
1441
1428
1422
1429
1425
1440
1443
1433
1444
1445
1448
1455
1436
1430
1431
1438
1447
1449
1439
1442
1437
1446
1468
1454
1459
1460
1457
1462
1461
1463
1465
1466
1464
1467
1490
1496
1497
1469
1471
1472
1475
1473
1511
1474
1508
1483
1476
1480
1481
1479
1477
1478
1493
1500
1501
1482
1484
1485
1495
1489
1491
1502
1504
1486
1487
1494
1534
1498
1535
1536
1509
1499
1505
1538
1518
1522
1506
1510
1527
1529
1512
1513
1515
1516
1533
1514
1517
1521
1519
1541
1549
1520
1544
1524
1526
1525
1539
1540
1530
1528
1532
1537
1558
1563
1531
1542
1566
1543
1553
1552
1548
1545
1546
1550
1577
1556
1559
1565
1555
1557
1560
1567
1561
1595
1589
1562
1564
1568
1582
1569
1570
1579
1580
1584
1587
1583
1571
1572
1581
1576
1578
1590
1593
1599
1585
1596
1618
1588
1598
1594
1597
1638
1600
1612
1614
1601
1615
1621
1622
1611
1619
1623
1624
1602
1603
1605
1607
1606
1625
1608
1609
1610
1613
1617
1626
1628
1629
1631
1633
1639
1640
1632
1635
1636
1637
1654
1630
1634
1646
1641
1656
1658
1669
1647
1660
1642
1643
1644
1645
1650
1651
1648
1652
1662
1649
1659
1676
1657
1653
1655
1664
1661
1663
1678
1698
1704
1665
1666
1683
1672
1674
1673
1681
1667
1675
1668
1677
1670
1679
1682
1692
1693
1680
1703
1705
1760
1686
1699
1707
1721
1732
1735
1700
1710
1689
1722
1690
1696
1697
1701
1684
1688
1691
1694
1711
1712
1714
1720
1736
1741
1752
1713
1717
1718
1726
1723
1715
1724
1716
1719
1762
1727
1728
1745
1766
1729
1764
1734
1737
1730
1731
1733
1757
1742
1738
1739
1740
1743
1773
1744
1748
1750
1754
1753
1746
1747
1755
1758
1756
1763
1767
1759
1768
1774
1772
1775
1776
1778
1780
1781
1782
1787
1788
1807
1784
1808
1790
1802
1805
1811
1791
1792
1793
1794
1795
1796
1797
1798
1800
1799
1801
1804
1803
1809
1819
1815
1821
1810
1820
1817
1822
1818
1813
1814
1816
1826
1827
1823
1830
1824
1848
1825
1840
1844
1828
1829
1839
1831
1846
1850
1837
1851
1838
1843
1832
1833
1834
1842
1835
1845
1847
1858
1860
1882
1883
1853
1856
1872
1859
1852
1857
1861
1865
1866
1869
1877
1867
1868
1873
1874
1875
1876
1880
1878
1884
1885
1886
1887
1888
1894
1889
1890
1891
1895
1896
1897
1892
1893
1899
1903
1900
1901
1902
1904
1910
1911
1912
1915
1916
1917
1918
1920
1905
1907
1908
1909
1898
1924
1913
1914
1925
1919
1927
1928
1932
1933
1923
1921
1929
1930
1942
1931
1934
1935
1936
1937
1949
1961
1938
1944
1951
1948
1940
1941
1939
1945
1946
1954
1950
1956
1957
1952
1965
1969
1953
1970
1955
1971
1958
1962
1959
1960
2020
1963
1966
1981
1967
2010
1968
1986
1972
1973
1974
1984
1975
1977
1985
1982
2023
1978
1983
1976
1979
2003
2004
1993
1994
1989
1992
2017
2022
2002
1991
1995
2006
2007
2005
2012
1997
2001
2008
2009
1999
2000
1998
2013
2014
2016
1996
2011
2015
2044
2018
2019
2026
2024
2040
2025
2027
2028
2029
2037
2030
2031
2032
2065
2033
2052
2055
2035
2041
2039
2056
2057
2042
2058
2036
2038
2051
2048
2049
2043
2070
2073
2045
2050
2069
2046
2054
2047
2079
2068
2061
2063
2060
2064
2123
2066
2094
2071
2086
2072
2074
2076
2077
2078
2085
2095
2082
2084
2087
2088
2081
2083
2091
2090
2092
2114
2093
2096
2089
2097
2101
2099
2098
2100
2127
2102
2134
2104
2117
2109
2116
2113
2118
2107
2111
2105
2124
2120
2177
2121
2125
2139
2137
2132
2138
2141
2145
2140
2133
2126
2143
2128
2136
2135
2131
2146
2148
2192
2144
2147
2149
2173
2150
2154
2158
2151
2156
2153
2157
2159
2160
2161
2163
2162
2166
2167
2193
2168
2172
2171
2170
2195
2174
2176
2178
2188
2191
2180
2181
2182
2187
2185
2186
2189
2197
2194
2198
2234
2206
2200
2201
2203
2208
2202
2209
2204
2210
2205
2211
2207
2239
2241
2212
2213
2218
2214
2216
2217
2215
2228
2219
2220
2221
2222
2226
2227
2229
2223
2224
2225
2233
2230
2251
2232
2250
2277
2248
2249
2269
2237
2253
2264
2240
2274
2242
2247
2252
2238
2256
2259
2255
2257
2263
2261
2265
2278
2285
2262
2266
2267
2268
2270
2271
2275
2288
2296
2297
2273
2320
2323
2276
2281
2286
2289
2283
2284
2298
2279
2280
2282
2287
2299
2300
2301
2303
2304
2305
2324
2309
2328
2302
2311
2310
2290
2291
2292
2306
2293
2294
2295
2308
2318
2317
2319
2326
2312
2314
2315
2313
2321
2322
2334
2335
2325
2333
2336
2337
2359
2373
2374
2376
2338
2329
2332
2330
2331
2350
2339
2351
2341
2342
2343
2344
2405
2346
2349
2352
2353
2355
2347
2357
2385
2402
2354
2348
2356
2358
2368
2372
2361
2362
2369
2363
2365
2366
2377
2375
2367
2370
2378
2371
2379
2381
2380
2382
2408
2596
2383
2390
2412
2384
2601
2386
2387
2391
2388
2461
2389
2392
2436
2393
2394
2448
2464
2530
2403
2423
2395
2432
2400
2396
2398
2397
2399
2433
2424
2430
2401
2413
2466
2467
2404
2406
2407
2410
2409
2411
2452
2416
2415
2418
2473
2455
2417
2420
2465
2421
2419
2457
2478
2495
2422
2493
2425
2426
2427
2435
2428
2442
2470
2429
2431
2434
2439
2438
2440
2489
2437
2441
2602
2443
2612
2444
2471
2445
2500
2603
2446
2447
2450
2518
2451
2462
2454
2491
2482
2456
2463
2459
2460
2468
2472
2469
2557
2474
2476
2532
2475
2484
2546
2477
2533
2534
2540
2541
2479
2480
2481
2543
2547
2549
2485
2554
2555
2486
2488
2490
2487
2492
2496
2497
2494
2558
2560
2498
2505
2590
2592
2501
2509
2517
2521
2523
2510
2502
2506
2504
2593
2508
2503
2552
2507
2525
2512
2515
2520
2553
2513
2524
2514
2516
2511
2526
2527
2567
2569
2528
2529
2535
2531
2570
2544
2597
2545
2550
2600
2538
2579
2551
2584
2598
2561
2571
2576
2577
2585
2559
2563
2572
2578
2582
2586
2565
2566
2574
2583
2568
2588
2587
2607
2654
2589
2655
2591
2617
2616
2604
2606
2622
2625
2626
2614
2632
2633
2634
2608
2619
2599
2609
2615
2647
2605
2628
2630
2618
2624
2621
2629
2631
2637
2638
2642
2635
2640
2645
2636
2639
2641
2643
2644
2646
2659
2666
2668
2678
2648
2665
2649
2656
2660
2663
2651
2658
2662
2700
2671
2672
2673
2674
2692
2667
2675
2670
2681
2669
2680
2685
2710
2711
2712
2677
2683
2698
2699
2686
2684
2714
2718
2715
2682
2694
2696
2691
2701
2688
2689
2690
2702
2703
2706
2693
2705
2695
2719
2721
2722
2724
2697
2723
2771
2772
2708
2725
2713
2720
2716
2717
2732
2735
2757
2764
2726
2766
2729
2727
2730
2749
2728
2731
2774
2733
2734
2743
2745
2751
2736
2742
2746
2753
2740
2755
2744
2754
2756
2760
2759
2793
2761
2788
2762
2784
2763
2775
2770
2789
2813
2817
2765
2768
2776
2805
2781
2782
2790
2802
2804
2777
2791
2792
2778
2779
2780
2787
2800
2799
2794
2795
2797
2814
2801
2832
2803
2808
2829
2837
2843
2809
2812
2846
2806
2807
2816
2818
2821
2810
2811
2823
2815
2826
2838
2825
2831
2827
2835
2828
2830
2833
2847
2836
2842
2845
2840
2851
2844
2850
2849
2872
2852
2853
2856
2857
2854
2855
2887
2859
2909
2877
2878
2900
2871
2862
2864
2869
2896
2902
2904
2905
2865
2874
2916
2906
2907
2866
2861
2867
2926
2868
2873
2933
2870
2910
2879
2882
2886
2908
2911
2913
2875
2880
2876
2881
2884
2885
2894
2890
2891
2898
2888
2892
2895
2889
2897
2901
2922
2944
2956
2903
2919
2914
2943
2948
2936
2912
2932
2920
2931
2961
2927
2934
2935
2930
2923
2928
2929
2924
2937
2952
2942
2949
2960
2947
2945
2946
2951
2950
2962
2965
2968
2953
2957
2974
2954
2969
2955
2976
2958
2959
2966
2967
2973
2963
2981
2970
2971
2972
2979
3001
2975
2983
2984
2985
2986
2987
2996
2997
3017
2988
2991
2989
2980
2977
2978
2992
2993
2995
2990
2998
3022
2999
3000
3006
3026
3002
3007
3008
3003
3009
3005
3020
3011
3015
3012
3010
3023
3013
3035
3036
3040
3014
3018
3021
3041
3047
3048
3024
3025
3027
3033
3042
3043
3019
3028
3039
3016
3031
3029
3030
3032
3034
3038
3045
3046
3049
3050
3051
3052
3054
3074
3044
3069
3055
3063
3065
3086
3087
3088
3089
3056
3057
3076
3073
3058
3059
3060
3061
3064
3066
3068
3067
3062
3070
3071
3084
3098
3077
3085
3079
3075
3081
3082
3083
3080
3106
3090
3105
3092
3107
3099
3093
3095
3096
3097
3102
3104
3108
3109
3100
3103
3101
3114
3115
3122
3125
3126
3112
3113
3116
3127
3130
3110
3117
3111
3118
3139
3142
3143
3119
3121
3120
3123
3128
3129
3145
3138
3163
3140
3144
3141
3151
3131
3133
3134
3135
3137
3154
3146
3148
3155
3149
3147
3152
3153
3150
3161
3156
3212
3214
3219
3157
3192
3202
3158
3206
3168
3160
3162
3171
3165
3210
3166
3159
3172
3179
3175
3176
3185
3173
3178
3180
3181
3184
3204
3205
3177
3186
3183
3193
3188
3189
3187
3190
3191
3194
3197
3195
3198
3200
3207
3222
3223
3225
3233
3209
3255
3220
3224
3228
3215
3227
3221
3234
3237
3216
3211
3218
3217
3232
3235
3239
3238
3229
3243
3244
3248
3230
3231
3240
3246
3254
3245
3250
3251
3252
3241
3242
3253
3300
3301
3302
3256
3258
3257
3260
3262
3263
3299
3264
3273
3303
3304
3305
3265
3275
3266
3272
3268
3270
3294
3298
3271
3276
3295
3279
3280
3281
3277
3282
3278
3283
3286
3287
3288
3292
3296
3297
3293
3306
3308
3325
3307
3321
3326
3314
3315
3322
3316
3309
3310
3311
3317
3323
3324
3313
3320
3331
3318
3366
3375
3327
3329
3332
3333
3338
3334
3359
3362
3336
3356
3344
3339
3350
3342
3363
3353
3357
3345
3343
3377
3346
3348
3347
3349
3351
3352
3354
3400
3415
3355
3421
3425
3358
3390
3360
3361
3368
3372
3364
3392
3365
3367
3371
3398
3380
3369
3379
3381
3373
3383
3370
3394
3374
3386
3384
3385
3402
3403
3389
3393
3388
3387
3408
3447
3448
3396
3429
3397
3436
3399
3401
3407
3406
3432
3404
3405
3411
3412
3428
3430
3435
3434
3426
3416
3419
3422
3424
3431
3417
3423
3440
3452
3437
3439
3441
3444
3442
3446
3449
3450
3443
3451
3456
3463
3455
3445
3475
3457
3458
3459
3474
3460
3464
3469
3461
3465
3462
3466
3467
3468
3470
3472
3473
3476
3479
3482
3477
3484
3528
3529
3480
3481
3504
3483
3543
3485
3505
3506
3486
3501
3495
3498
3487
3488
3489
3492
3499
3500
3535
3490
3494
3496
3497
3509
3510
3511
3513
3516
3518
3520
3521
3526
3503
3519
3512
3514
3515
3508
3523
3524
3525
3527
3532
3536
3531
3534
3540
3537
3538
3554
3539
3541
3550
3551
3542
3546
3552
3553
3555
3545
3548
3547
3557
3558
3572
3549
3564
3565
3567
3570
3571
3559
3560
3568
3562
3563
3566
3569
3584
3586
3573
3574
3576
3577
3579
3580
3581
3582
3583
3585
3603
3593
3628
3637
3587
3588
3596
3595
3589
3601
3591
3592
3597
3590
3621
3622
3598
3599
3594
3613
3616
3619
3612
3604
3605
3607
3608
3609
3610
3614
3600
3620
3617
3618
3624
3625
3633
3638
3626
3630
3629
3645
3627
3631
3632
3636
3635
3641
3649
3651
3646
3652
3658
3667
3670
3640
3648
3672
3653
3642
3639
3643
3644
3650
3656
3657
3660
3654
3655
3659
3661
3666
3678
3680
3662
3669
3704
3663
3675
3692
3701
3665
3700
3702
3668
3681
3699
3679
3671
3673
3687
3688
3674
3676
3705
3677
3684
3682
3708
3683
3710
3711
3717
3712
3716
3685
3686
3691
3697
3719
3714
3698
3703
3694
3689
3695
3690
3693
3706
3735
3709
3728
3738
3707
3715
3718
3766
3767
3713
3720
3721
3733
3734
3740
3722
3727
3729
3749
3751
3741
3752
3757
3724
3725
3731
3742
3745
3750
3748
3753
3781
3754
3793
3796
3758
3759
3771
3785
3792
3803
3762
3773
3834
3768
3760
3772
3798
3761
3770
3787
3786
3784
3774
3775
3776
3777
3778
3779
3780
3789
3799
3794
3806
3810
3814
3795
3797
3811
3801
3800
3818
3837
3809
3805
3820
3807
3808
3804
3812
3813
3815
3816
3872
3817
3819
3822
3824
3823
3831
3826
3874
3827
3852
3833
3829
3856
3828
3839
3853
3857
3867
3830
3854
3868
3871
3832
3836
3835
3840
3861
3846
3841
3845
3842
3843
3844
3847
3848
3849
3851
3855
3865
3858
3859
3862
3863
3875
3878
3866
3869
3873
3870
3876
3877
3887
3880
3879
3893
3894
3881
3889
3882
3892
3883
3884
3886
3896
3895
3905
3916
3888
3885
3899
3928
3897
3935
3901
3903
3900
3902
3913
3909
3904
3936
3937
3938
3940
3906
3932
3933
3907
3912
3908
3920
3910
3911
3914
3941
3942
3915
3945
3947
3950
3917
3967
3987
3993
3919
3963
3970
3926
3927
3929
3994
3921
3930
3924
3964
3931
3925
3934
3939
3943
3944
3946
4098
3992
3997
3948
4101
3968
3958
3972
3966
3969
3971
3975
3977
3979
3996
4080
3976
4006
4009
3980
4090
3981
3982
3983
4024
4036
3984
3986
4001
3988
3989
4124
3990
3991
3995
4121
4041
4123
4038
4011
4000
4002
4003
4013
4004
4048
4005
4007
4044
4034
4035
4015
4017
4008
4010
4012
4032
4016
4018
4019
4105
4020
4021
4059
4107
4026
4025
4051
4106
4079
4027
4029
4028
4030
4031
4033
4037
4087
4040
4039
4042
4043
4137
4046
4047
4045
4050
4172
4052
4053
4156
4054
4164
4055
4154
4056
4057
4072
4058
4088
4140
4060
4061
4063
4062
4114
4065
4064
4176
4184
4066
4067
4074
4189
4070
4197
4073
4190
4075
4077
4191
4076
4082
4078
4086
4089
4134
4136
4091
4096
4093
4237
4094
4099
4234
4100
4103
4102
4112
4118
4139
4104
4108
4109
4133
4110
4127
4122
4111
4115
4113
4125
4116
4129
4130
4150
4126
4372
4141
4128
4376
4138
4131
4370
4371
4132
4143
4145
4151
4146
4142
4148
4171
4152
4157
4165
4153
4167
4155
4178
4181
4159
4161
4180
4211
4160
4203
4200
4162
4163
4430
4175
4166
4168
4169
4170
4173
4194
4174
4445
4447
4188
4193
4177
4179
4187
4185
4195
4186
4192
4182
4196
4217
4236
4198
4199
4218
4229
4206
4201
4202
4204
4205
4213
4208
4209
4210
4220
4212
4215
4216
4219
4214
4243
4222
4221
4230
4225
4226
4227
4238
4232
4344
4240
4235
4263
4268
4258
4233
4255
4259
4241
4362
4363
4242
4248
4310
4249
4313
4252
4345
4250
4253
4245
4256
4247
4262
4302
4257
4346
4355
4260
4261
4312
4293
4294
4539
4542
4267
4271
4288
4274
4275
4279
4296
4265
4269
4272
4276
4270
4273
4335
4278
4280
4289
4290
4281
4291
4283
4285
4277
4319
4320
4323
4282
4299
4301
4303
4292
4298
4300
4297
4314
4286
4304
4305
4306
4307
4308
4315
4311
4361
4316
4321
4338
4325
4332
4333
4326
4327
4328
4329
4331
4340
4337
4339
4354
4341
4347
4349
4356
4359
4350
4351
4353
4343
4357
4358
4364
4367
4365
4369
4379
4402
4373
4377
4378
4380
4396
4375
4381
4383
4382
4406
4384
4386
4388
4407
4390
4387
4397
4391
4393
4394
4395
4398
4400
4401
4429
4709
4399
4403
4408
4411
4404
4410
4405
4420
4421
4546
4695
4409
4412
4413
4418
4415
4419
4417
4448
4424
4422
4427
4423
4443
4449
4425
4426
4435
4436
4432
4509
4516
4771
4438
4523
4464
4782
4787
4433
4428
4498
4431
4434
4472
4508
4511
4530
4545
4441
4494
4442
4440
4793
4451
4444
4450
4461
4466
4487
4452
4446
4486
4454
4459
4455
4491
4499
4457
4453
4456
4493
4468
4473
4462
4467
4495
4524
4773
4469
4477
4770
4478
4479
4474
4475
4480
4502
4481
4483
4484
4489
4490
4507
4500
4492
4506
4510
4501
4505
4503
4504
4512
4513
4514
4519
4765
4520
4521
4522
4528
4778
4551
4526
4532
4527
4561
4531
4579
4581
4573
4534
4533
4550
4536
4576
4537
4591
4543
4595
4604
4540
4544
4538
4541
4574
4548
4549
4560
4562
4564
4566
4567
4570
4552
4553
4547
4563
4568
4569
4571
4554
4555
4565
4558
4559
4596
4572
4580
4593
4594
4583
4585
4575
4577
4578
4582
4584
4587
4588
4597
4590
4650
4651
4586
4600
4589
4592
4601
4622
4641
4642
4605
4628
4606
4631
4690
4608
4602
4609
4610
4611
4614
4615
4617
4618
4619
4620
4623
4630
4635
4629
4612
4643
4621
4633
4634
4636
4632
4639
4640
4644
4648
4677
4946
4647
4652
4657
4661
4662
4665
4656
4658
4659
4660
4664
4947
4669
4676
4672
4689
4673
4687
4691
4675
4699
4679
4703
4705
4680
4682
4683
4684
4685
4701
4692
4693
4727
4751
4694
4696
4697
4713
4752
4755
4698
5058
4710
5069
5070
4700
4704
4723
4730
4702
4706
4707
5037
4708
4715
4712
4714
4716
4717
4718
5053
4732
4719
4767
4721
4722
4720
4725
4726
4728
4729
4736
4768
4724
4734
4731
4733
4735
4737
4738
4739
4740
4741
4742
4757
4761
4743
4754
4756
4744
4746
4745
4747
4748
4749
4750
4775
4758
4759
4762
4763
4764
4776
4766
4772
4774
4824
4792
4797
4834
4777
4769
4836
4783
4867
4786
4794
4810
4811
4812
4784
4781
4813
4779
4798
4790
4795
4791
4818
4819
4841
4796
4807
4808
4814
4815
4820
4844
4799
4800
4816
4801
4802
4803
4804
4805
4806
4809
5211
5214
4817
4823
4821
4822
4832
4835
4839
4866
4825
4827
4828
4908
4840
4843
4850
4851
4842
4862
4869
4885
4860
4852
4863
4856
4870
4888
4891
4895
4890
4921
4893
4924
4927
4898
4876
4882
4887
4894
4881
4889
4883
4904
4884
4897
4931
4907
4943
4900
4899
4903
4902
4929
4930
4941
4909
4910
4913
4914
4915
4918
4922
4923
4948
4928
4960
4933
4911
4912
4917
4920
4940
4942
4935
4936
4937
4938
4939
5210
4956
4944
4945
4958
5020
4961
4962
4963
4949
4950
4951
4954
4959
5462
5464
5466
4955
5013
4967
4964
4972
4965
4975
4976
4974
4978
4979
4980
4982
5065
5467
4987
4990
4994
5460
4992
5015
5031
4996
4999
4995
5024
4998
5001
5004
5027
5002
5009
5003
5005
5050
5006
5007
5008
5010
5011
5012
5014
5026
5016
5018
5468
5021
5022
5025
5017
5064
5470
5019
5023
5455
5028
5029
5030
5032
5049
5062
5068
5115
5033
5196
5199
5036
5046
5040
5051
5038
5103
5039
5109
5041
5095
5116
5055
5063
5060
5057
5072
5114
5054
5071
5067
5074
5083
5077
5082
5104
5076
5081
5091
5085
5117
5084
5106
5112
5102
5099
5169
5096
5097
5088
5090
5092
5100
5136
5105
5094
5127
5111
5101
5110
5113
5120
5121
5107
5175
5182
5183
5184
5138
5139
5123
5125
5134
5129
5132
5133
5137
5146
5124
5126
5128
5130
5135
5177
5159
5142
5143
5161
5163
5144
5145
5147
5148
5677
5150
5141
5156
5151
5189
5153
5166
5155
5157
5162
5197
5198
5158
5209
5215
5164
5165
5171
5172
5676
5174
5168
5170
5173
5181
5186
5188
5223
5193
5194
5176
5179
5180
5200
5203
5204
5201
5671
5195
5212
5202
5222
5216
5207
5271
5218
5213
5217
5221
5226
5235
5236
5219
5220
5227
5229
5228
5282
5233
5224
5231
5225
5232
5247
5234
5293
5238
5299
5248
5254
5244
5249
5239
5241
5265
5242
5246
5256
5250
5260
5251
5253
5261
5259
5262
5289
5302
5272
5274
5276
5258
5279
5252
5290
5267
5270
5275
5280
5334
5264
5283
5316
5278
5263
5298
5303
5304
5322
5301
5306
5295
5296
5300
5291
5307
5332
5314
5294
5297
5319
5323
5324
5327
5320
5330
5331
5333
5328
5329
5317
5321
5315
5335
5336
5337
5338
5349
5398
5415
5350
5340
5341
5342
5356
5343
5358
5365
5378
5344
5347
5351
5359
5362
5380
5381
5366
5352
5357
5353
5364
5367
5360
5355
5374
5371
5372
5375
5377
5382
5383
5385
5386
5388
5426
5954
5391
5395
5429
5399
5400
5390
5392
5397
5410
5394
5420
5401
5402
5416
5404
5411
5407
5408
5409
5414
5417
5430
5418
5403
5405
5406
5412
5427
5421
5424
5428
5425
5433
5434
5435
5436
5450
5438
5440
5439
5506
5550
5441
5445
5553
5442
5448
5443
5456
7061
7080
5444
5454
5474
5475
5497
5446
5533
5447
5465
5478
5479
5457
5472
5500
5620
5621
5459
5469
5481
5461
5473
5476
5482
5463
5491
5492
5483
5485
5496
5488
5511
5510
5591
5593
5595
5498
5507
5508
5525
5565
5499
5601
5624
5514
5516
5520
5567
5568
5611
5638
5639
5522
5633
5577
5513
5532
5515
5559
5523
5527
5524
5598
5618
5526
5534
5545
5548
5549
5562
5563
5566
5537
5540
5542
5561
5570
5539
5541
5579
5589
5571
5572
5573
5602
5576
5578
5581
5575
5651
5652
5590
5712
5715
5594
5584
5585
5586
5599
5583
5600
5603
5604
5606
5655
5670
5647
5608
5609
5610
5612
5626
5613
5663
7060
5642
5617
5623
5629
5662
5630
5631
5614
5619
5622
5625
5628
7081
5632
5634
5654
5656
5659
5660
5635
5675
5636
5641
5650
5661
5653
5643
5644
5645
5646
5648
5649
5664
5657
5658
5669
5691
5673
5692
5695
5702
5674
5697
5710
5698
5700
5701
5709
5711
5714
5718
5716
5748
5713
5723
5720
5721
5722
5725
5724
5732
5733
5736
5750
5734
5738
5739
5740
5760
5735
5779
5742
5751
5743
5746
5762
5763
5764
5766
5768
5770
5771
5756
5757
5765
5775
5776
5777
5778
5758
5767
5769
5774
5752
5753
5755
5792
5781
5783
5786
5787
5788
5791
5793
5782
5785
5798
5828
5829
5831
5800
5826
5833
5839
5848
5801
5794
5795
5796
5797
5802
5819
5915
5804
5821
5807
5805
5822
5808
5811
5832
5856
5863
5813
5886
5956
9010
5926
5932
5823
5835
5837
5858
5840
5855
5846
5861
5834
5847
5916
5923
5934
5854
5941
5951
5864
5895
5868
5970
5900
5890
5930
5894
5917
5942
5943
5945
5920
5918
5929
5933
5944
5946
5947
5924
5935
5925
5931
5955
5953
5957
5959
5976
5984
5982
6034
6035
6033
6036
6132
5991
5992
5993
5994
5996
5998
5999
6015
6028
6000
6029
6032
6037
6047
6038
6285
6039
6048
6052
6150
6181
6187
6191
6053
6133
6124
6177
6112
6119
6121
6131
6125
6218
6220
6120
6127
6134
6196
6213
6205
6222
6137
6146
6145
6148
6149
6144
6147
6142
6151
6186
6153
6156
6188
6179
6230
6223
6193
6204
6217
6232
6224
6228
6242
6226
6240
6254
6255
6235
6238
6266
6267
6277
6299
6300
6303
6310
6373
6304
6306
6313
6307
6370
6389
6283
6314
6286
6287
6290
6291
6296
6297
6269
6368
6293
6318
6334
6335
6329
6343
6353
6341
6321
6340
6429
6349
6357
6360
6362
6369
6361
6388
6397
6352
6390
6365
6406
6366
6402
6449
6427
6434
6436
6442
6443
6445
6447
7018
6405
6424
6425
6452
6453
6454
6458
6456
7030
7038
6459
6460
6461
7000
6462
6466
6467
6473
6475
7019
7020
6472
6474
6476
6484
6873
7032
7033
7034
7062
7082
7035
7083
7036
7084
7037
7099
7040
7400
7070
7301
7100
7441
7442
7602
7445
7444
7446
7448
7601
7604
7607
8113
7603
7605
7609
7608
7610
7613
7606
7611
7712
7635
7637
7633
7615
7646
7653
7643
7674
7683
7693
7707
7655
7668
7670
7671
7659
7663
7667
7694
7661
7662
9034
7664
7675
7681
7682
7684
7685
7704
7706
7676
7700
7692
7701
7800
8106
7702
8223
9003
7703
8107
8108
8112
8200
9005
8201
8203
8210
9070
9072
8220
8221
8222
8204
8207
8224
8225
9000
9001
9053
9002
9011
9069
9021
9061
9022
9099
9121
9081
9802
9071
9078
9073
9074
9075
9076
9911
9111
9102
9103
9113
9231
9734
9115
9927
9114
9116
9112
9122
9123
9125
9213
9222
9803
9804
9518
9551
9119
9127
9805
9941
9120
9211
9221
9906
9850
9901
9902
9905
9920
9921
9922
9907
9909
9910
9913
9915
9938
9924
9931
9926
9928
9936
9940
6485
2360
6490
6487
4666
5809
3274
4671
6502
6511
5939
5940
6512
3330
2345
6537
6535
2106
2623
1332
2573
2152
2108
6540
4845
6541
5615
3454
2190
1836
4385
19
1922
5869
3391
3427
3726
4014
5938
6403
6553
2709
6557
6543
2595
3236
2650
9060
6355
6575
4324
6055
6579
6584
1725
6555
447
6554
6496
324
6494
510
2883
6499
6556
6495
27
6492
6581
6580
6596
1770
5517
6598
6597
1708
6450
4991
3433
513
1341
6536
6284
425
34
1342
3763
724
6601
6497
6493
6501
6498
479
6613
9900
144
6618
5668
2103
3898
6044
5486
6641
3382
6638
6640
6336
6619
6471
6642
2483
2316
426
6663
9937
4837
3414
2059
6637
6669
164
6671
6617
6620
6678
6615
6681
5761
514
619
452
547
4557
6585
6679
4135
4993
5230
165
5034
4518
3556
3522
3544
1702
6680
6693
6692
6687
5754
5759
5616
6690
6691
6697
6696
6665
3328
4482
4849
6141
5560
6686
2165
6706
6709
6505
6041
6722
6719
2620
6418
6713
6183
6710
6716
5187
6727
2235
6729
6737
6728
6676
6643
3739
6701
2164
6607
1709
4264
6740
6734
6344
3169
4831
5487
5140
6463
5348
2129
4667
6770
6057
6750
6367
2179
9939
6265
6067
5707
6773
6776
5471
6812
6814
6810
3978
6772
2704
6040
6809
2112
4284
6233
6871
6768
6819
6872
2258
3985
6732
6721
2053
6886
6887
6888
6884
6446
6878
6904
6880
6906
1806
6882
6883
6881
6644
6911
5087
5152
6909
6902
6925
6924
6926
6210
6914
6915
1620
6469
6940
5122
3208
6907
6903
2130
4085
6935
6936
6954
6730
6777
6913
6959
6967
6726
1189
6969
6964
4535
6771
6973
1277
6974
6972
6977
4231
6966
6955
3395
4144
6963
6961
6744
9935
6982
6946
6965
5799
5803
6981
6985
3890
6987
6988
6989
1849
1470
6358
4071
3132
2858
4485
4966
4476
6377
6464
6046
3247
7004
6928
7005
7003
6558
7015
7067
7066
6908
3783
7026
7044
4653
4463
7046
7051
7045
7028
2122
1389
7057
7052
7053
3918
7059
7058
7072
7073
7056
7054
4439
4833
9105
4688
2610
6239
7068
6364
5432
6952
7031
6243
2067
713
3575
1275
4334
5422
1586
3533
1591
7095
7089
7088
7092
1592
7087
4239
7096
9118
7102
2982
4855
7101
7098
7105
7093
6298
7123
3764
3765
7118
7117
6356
5637
7132
7097
7130
7131
719
7135
7122
6559
4919
2021
7138
3606
7137
3999
9220
9008
7142
7144
7139
7140
1204
2034
4374
7148
7149
1188
3696
6045
7163
7158
6426
7146
7141
7162
6941
4460
7151
7180
7183
7173
7189
7188
3285
5706
7182
2169
5045
7145
4711
7213
7221
7169
9117
1507
7112
4183
7250
7252
7251
3891
2115
4049
7247
7249
7147
125
7260
7256
3291
2848
3376
6639
4901
2183
7266
6930
7165
7257
3167
2155
2773
7291
7295
7297
2231
6346
4336
4458
271
7244
6695
7311
7312
7310
4266
7317
6699
7307
2142
6733
7309
5000
2307
1769
7314
7330
5191
145
4330
7331
7332
7342
5423
3053
3174
2893
3578
5284
6980
3261
5731
1671
2272
5363
5089
2062
1964
1785
4092
5552
1627
1307
1551
4471
6674
7367
7294
7316
5073
1287
1604
7338
7293
7178
4097
2661
3199
9051
5784
4934
6971
1777
7357
7368
7371
6745
7373
7303
7356
7343
1554
7376
7339
7372
6606
6736
1771
6714
7381
3418
6042
1879
272
7187
7167
7179
6986
5237
5512
7377
7382
7362
5824
2199
7384
7386
7385
7025
7390
5950
7406
7398
7394
3072
2522
6207
7370
7416
7418
7435
7403
3290
4668
1279
7375
606
327
328
270
9100
2260
6916
7419
7437
2449
6423
2075
7439
7455
7454
7452
7453
6444
6441
7443
3335
7458
7463
7462
7461
1421
7432
5086
4626
1488
2364
5745
4022
7460
6874
7457
7459
4309
7465
4287
4637
7456
6910
5995
4496
6948
7469
7449
7450
2652
6312
2575
7514
7027
3998
7077
7411
7507
1783
7522
3164
7524
7091
7023
7050
1685
2863
6359
7527
7517
7508
2611
2184
7533
7511
5838
1926
7520
7528
7254
3744
7539
7559
735
5812
1417
5862
7464
7581
4529
7587
7588
7415
7560
7573
6975
2918
7589
7595
5437
7617
6351
2664
4360
7583
7638
4228
4254
6363
7594
7466
4603
7383
4207
5535
1987
5772
7650
5708
5185
2860
7648
3493
7043
2414
1334
1841
7754
7757
475
6953
7760
3037
6263
7764
7762
7639
7778
4670
4525
7536
7761
7358
7782
7792
7791
7799
7801
7805
7763
7804
3723
7781
7779
7814
7808
7813
5257
4854
7819
6470
5160
7752
7746
7827
7820
6708
4392
7821
7872
7871
7873
2939
7878
6227
EndOfModuleID
1
2
3
4
5
6
7
8
9
10
11
12
13
14
15
16
17
18
19
20
21
22
23
24
25
26
27
28
29
30
31
32
33
34
35
36
37
38
39
40
41
42
43
44
45
46
47
48
49
50
51
52
53
54
55
56
57
58
59
60
61
62
63
64
65
66
67
68
69
70
71
72
73
74
75
76
77
78
79
80
81
82
83
84
85
86
87
88
89
90
91
92
93
94
95
96
97
98
99
100
101
102
103
104
105
106
107
108
109
110
111
112
113
114
115
116
117
118
119
120
121
122
123
124
125
126
127
128
129
130
131
132
133
134
135
136
137
138
139
140
141
142
143
144
145
146
147
148
149
EndOfDepID
